import numpy as np

np.set_printoptions(suppress=True, formatter={'float_kind': '{:.8f}'.format})

# Cv = np.array([[ 8.75734297e-05, -3.88515687e-05,  3.14734117e-05, -3.50869412e-05,
#    3.26728007e-07,  1.81497607e-08, -3.42450863e-08,  1.61627872e-07,
#   -8.56064925e-08, -7.60213794e-08],
#  [-3.88515687e-05,  4.50545843e-05, -3.73675238e-05,  2.99063530e-05,
#    3.92688023e-08, -1.28344154e-07,  1.14912595e-07, -1.40573683e-07,
#    5.85986144e-08,  8.19750684e-08],
#  [ 3.14734117e-05, -3.73675238e-05,  3.54477402e-05, -1.99875090e-05,
#   -3.12811269e-08,  1.87105901e-07, -1.14093287e-08,  1.15855150e-07,
#   -4.98659048e-08, -6.59892456e-08],
#  [-3.50869412e-05,  2.99063530e-05, -1.99875090e-05,  3.72301387e-05,
#    8.79192541e-10,  3.56736411e-08,  1.33284386e-07, -1.11287043e-07,
#    1.36843793e-07, -2.55567501e-08],
#  [ 3.26728007e-07,  3.92688023e-08, -3.12811269e-08,  8.79192541e-10,
#    2.84225947e-09, -1.21349654e-11,  4.79872460e-11, -1.61721590e-10,
#    9.54001707e-11,  6.63214192e-11],
#  [ 1.81497607e-08, -1.28344154e-07,  1.87105901e-07,  3.56736411e-08,
#   -1.21349654e-11,  2.94125066e-09,  7.58763701e-11, -1.81991857e-10,
#    7.99812425e-11,  1.02010614e-10],
#  [-3.42450863e-08,  1.14912595e-07, -1.14093287e-08,  1.33284386e-07,
#    4.79872460e-11,  7.58763701e-11,  2.98831098e-09,  1.96779595e-10,
#   -1.44175674e-10, -5.26039216e-11],
#  [ 1.61627872e-07, -1.40573683e-07,  1.15855150e-07, -1.11287043e-07,
#   -1.61721590e-10, -1.81991857e-10,  1.96779595e-10,  7.29100124e-10,
#   -3.20281886e-10, -4.08818238e-10],
#  [-8.56064925e-08,  5.85986144e-08, -4.98659048e-08,  1.36843793e-07,
#    9.54001707e-11,  7.99812425e-11, -1.44175674e-10, -3.20281886e-10,
#    9.12099450e-10, -5.91817564e-10],
#  [-7.60213794e-08,  8.19750684e-08, -6.59892456e-08, -2.55567501e-08,
#    6.63214192e-11,  1.02010614e-10, -5.26039216e-11, -4.08818238e-10,
#   -5.91817564e-10,  1.00063580e-09]])
#
# print(f"{Cv / 10e-12}")

# matrix = np.array([
#     [0.00000000e+00, -1.00000000e+00, 0.00000000e+00, 0.00000000e+00, 0.00000000e+00, 0.00000000e+00, 0.00000000e+00, 1.00000000e+00, 0.00000000e+00],
#     [-6.23850388e-01, -7.81543788e-01, 0.00000000e+00, 0.00000000e+00, 6.23850388e-01, 7.81543788e-01, 0.00000000e+00, 0.00000000e+00, 0.00000000e+00],
#     [0.00000000e+00, 0.00000000e+00, 5.12137866e-03, -9.99986886e-01, -5.12137866e-03, 9.99986886e-01, 0.00000000e+00, 0.00000000e+00, 0.00000000e+00],
#     [-6.03492767e-01, 7.97368472e-01, 6.03492767e-01, -7.97368472e-01, 0.00000000e+00, 0.00000000e+00, 0.00000000e+00, 0.00000000e+00, 0.00000000e+00],
#     [0.00000000e+00, 0.00000000e+00, 0.00000000e+00, 0.00000000e+00, 8.59530992e-01, -5.11083628e-01, -8.59530992e-01, 5.11083628e-01, 0.00000000e+00],
#     [-5.70483199e-04, 0.00000000e+00, 0.00000000e+00, 0.00000000e+00, -4.62970229e-04, -7.78614767e-04, -1.07512971e-04, 7.78614767e-04, 0.00000000e+00],
#     [-5.13846403e-04, 4.10166753e-04, -4.06654646e-04, -2.08265974e-06, -1.07191756e-04, 4.12249412e-04, 0.00000000e+00, 0.00000000e+00, 0.00000000e+00],
#     [-5.00500365e-04, -3.78806488e-04, 9.38457183e-05, 3.76723828e-04, -4.06654646e-04, -2.08265974e-06, 0.00000000e+00, 0.00000000e+00, 0.00000000e+00],
#     [5.00500365e-04, 3.78806488e-04, -5.00500365e-04, -3.78806488e-04, 0.00000000e+00, 0.00000000e+00, 0.00000000e+00, 0.00000000e+00, -1.00000000e+00],
#     [5.13846403e-04, -4.10166753e-04, 0.00000000e+00, 0.00000000e+00, -5.13846403e-04, 4.10166753e-04, 0.00000000e+00, 0.00000000e+00, -1.00000000e+00],
#     [5.70483199e-04, 0.00000000e+00, 0.00000000e+00, 0.00000000e+00, 0.00000000e+00, 0.00000000e+00, -5.70483199e-04, 0.00000000e+00, -1.00000000e+00],
#     [1.00000000e+00, 0.00000000e+00, 0.00000000e+00, 0.00000000e+00, 0.00000000e+00, 0.00000000e+00, 0.00000000e+00, 0.00000000e+00, 0.00000000e+00],
#     [0.00000000e+00, 1.00000000e+00, 0.00000000e+00, 0.00000000e+00, 0.00000000e+00, 0.00000000e+00, 0.00000000e+00, 0.00000000e+00, 0.00000000e+00],
#     [0.00000000e+00, 0.00000000e+00, 0.00000000e+00, 0.00000000e+00, 0.00000000e+00, 0.00000000e+00, 1.00000000e+00, 0.00000000e+00, 0.00000000e+00],
#     [0.00000000e+00, 0.00000000e+00, 0.00000000e+00, 0.00000000e+00, 0.00000000e+00, 0.00000000e+00, 0.00000000e+00, 1.00000000e+00, 0.00000000e+00]
# ])
#
# print(f"{matrix / 10e-7}")

# matrix = np.array([
#     [8.04222706e-05, 3.90120404e-06, 8.04895673e-05, 1.55266484e-05, 2.86046327e-05, 2.30008788e-05, 1.34750248e-05, 3.71637068e-06, 2.27383872e-08],
#     [3.90120404e-06, 1.33617023e-04, 4.37979918e-06, 1.23207997e-04, 2.24885753e-05, 1.15508675e-04, -7.51312225e-06, 5.97545639e-05, -2.25444850e-09],
#     [8.04895673e-05, 4.37979918e-06, 6.27021597e-04, 2.42569168e-04, 1.54394987e-05, 1.58831233e-04, -3.93712804e-05, 1.54113663e-05, -6.62039905e-08],
#     [1.55266484e-05, 1.23207997e-04, 2.42569168e-04, 3.29304969e-04, -4.71009472e-06, 2.41609435e-04, -7.37852808e-05, 6.61450830e-05, -2.72639559e-08],
#     [2.86046327e-05, 2.24885753e-05, 1.54394987e-05, -4.71009472e-06, 2.39426664e-04, -2.58517383e-05, 1.83472873e-04, -2.24218905e-06, -6.65384248e-08],
#     [2.30008788e-05, 1.15508675e-04, 1.58831233e-04, 2.41609435e-04, -2.58517383e-05, 2.68040566e-04, -1.03626716e-04, 6.51804241e-05, 1.47180799e-08],
#     [1.34750248e-05, -7.51312225e-06, -3.93712804e-05, -7.37852808e-05, 1.83472873e-04, -1.03626716e-04, 2.80154202e-04, 5.84355417e-06, -7.57858183e-08],
#     [3.71637068e-06, 5.97545639e-05, 1.54113663e-05, 6.61450830e-05, -2.24218905e-06, 6.51804241e-05, 5.84355417e-06, 8.19777760e-05, -1.40011674e-09],
#     [2.27383872e-08, -2.25444850e-09, -6.62039905e-08, -2.72639559e-08, -6.65384248e-08, 1.47180799e-08, -7.57858183e-08, -1.40011674e-09, 2.50214253e-10]
# ])
#
# print(f"{matrix / 10e-11}")

# matrix = np.array([
#     [-4.86334639e+01],
#     [-2.38001718e+02],
#     [-8.34305208e+01],
#     [-8.97153616e+01],
#     [ 1.57548318e+02],
#     [ 3.11063234e+01],
#     [-2.47501545e+01],
#     [ 2.95562089e+02],
#     [ 7.28105078e-07]
# ])

# print(f"{matrix / 10e-8}")

# matrix = np.array([
#     [-2.13162821e-14],
#     [ 2.84217094e-14],
#     [-7.10542736e-15],
#     [ 0.00000000e+00],
#     [ 1.42108547e-14],
#     [ 0.00000000e+00],
#     [-5.68434189e-14],
#     [ 1.42108547e-14],
#     [-1.45519152e-11]
# ])

# print(f"{matrix / 10e-16}")

# matrix = np.array([
#     [1.75996571e-04, 8.53741793e-06, 1.76143844e-04, 3.39786089e-05, 6.25985468e-05, 5.03352589e-05, 2.94888237e-05, 8.13292751e-06, 4.97608208e-08],
#     [8.53741793e-06, 2.92408281e-04, 9.58477837e-06, 2.69629108e-04, 4.92141307e-05, 2.52779865e-04, -1.64417610e-05, 1.30767240e-04, -4.93364840e-09],
#     [1.76143844e-04, 9.58477837e-06, 1.37217776e-03, 5.30839797e-04, 3.37878901e-05, 3.47587208e-04, -8.61603422e-05, 3.37263250e-05, -1.44881203e-07],
#     [3.39786089e-05, 2.69629108e-04, 5.30839797e-04, 7.20652935e-04, -1.03075991e-05, 5.28739512e-04, -1.61472144e-04, 1.44752290e-04, -5.96646019e-08],
#     [6.25985468e-05, 4.92141307e-05, 3.37878901e-05, -1.03075991e-05, 5.23962724e-04, -5.65740965e-05, 4.01513118e-04, -4.90681973e-06, -1.45613081e-07],
#     [5.03352589e-05, 2.52779865e-04, 3.47587208e-04, 5.28739512e-04, -5.65740965e-05, 5.86581556e-04, -2.26777317e-04, 1.42641224e-04, 3.22091329e-08],
#     [2.94888237e-05, -1.64417610e-05, -8.61603422e-05, -1.61472144e-04, 4.01513118e-04, -2.26777317e-04, 6.13091107e-04, 1.27880684e-05, -1.65850132e-07],
#     [8.13292751e-06, 1.30767240e-04, 3.37263250e-05, 1.44752290e-04, -4.90681973e-06, 1.42641224e-04, 1.27880684e-05, 1.79400649e-04, -3.06402373e-09],
#     [4.97608208e-08, -4.93364840e-09, -1.44881203e-07, -5.96646019e-08, -1.45613081e-07, 3.22091329e-08, -1.65850132e-07, -3.06402373e-09, 5.47570347e-10]
# ])
# print(f"{matrix / 10e-11}")

# matrix = np.array([
#     [2.10274449e-04, 6.74034630e-06, 1.51387966e-05, -1.45012756e-05, 9.50321629e-06, 1.45766820e-07, -1.15252401e-07, 3.88925474e-08, -2.80814509e-08, 4.68569572e-08, -1.87755063e-08, -4.04490427e-07, -1.61641040e-04, 2.92298295e-05, 4.86334085e-05],
#     [6.74034630e-06, 3.07870390e-04, 1.91542221e-05, -1.50994022e-05, 1.94769612e-05, -2.30836111e-07, 3.66044259e-09, 1.96866694e-08, -8.23316029e-08, 4.98205788e-08, 3.25110241e-08, -3.80765586e-05, -5.59515898e-06, 6.77010532e-05, 1.14518732e-06],
#     [1.51387966e-05, 1.91542221e-05, 2.48393781e-04, 2.05416456e-05, -1.52442977e-05, -2.79286118e-08, 8.63551713e-08, -7.01150683e-08, 7.00751877e-08, -2.65415537e-08, -4.35336341e-08, 1.69379439e-05, -1.70519793e-05, -6.78018769e-05, -1.91318267e-06],
#     [-1.45012756e-05, -1.50994022e-05, 2.05416456e-05, 2.59611122e-04, 9.41180068e-06, 2.76653576e-08, -1.26274094e-07, -2.94437967e-09, -5.97553819e-08, 2.36093953e-08, 3.61459866e-08, -2.01971258e-05, 1.87954682e-05, 4.58492195e-05, 4.29419261e-06],
#     [9.50321629e-06, 1.94769612e-05, -1.52442977e-05, 9.41180068e-06, 2.07254960e-04, 7.04399039e-09, -2.98651941e-08, -8.49365395e-08, 5.56426919e-08, -9.41044825e-08, 3.84617906e-08, 6.88991250e-06, -5.92538119e-06, -5.94198928e-05, 3.57783511e-06],
#     [1.45766820e-07, -2.30836111e-07, -2.79286118e-08, 2.76653576e-08, 7.04399039e-09, 5.04879945e-10, 7.55237701e-11, 9.90612215e-11, 1.30034436e-10, -5.31100995e-11, -7.69243363e-11, -1.65414140e-07, -1.20888260e-07, -8.20975982e-08, 2.48785602e-08],
#     [-1.15252401e-07, 3.66044259e-09, 8.63551713e-08, -1.26274094e-07, -2.98651941e-08, 7.55237701e-11, 4.52839599e-10, 2.34449647e-11, 1.64189605e-10, -9.15652552e-11, -7.26243500e-11, -1.44593286e-07, 2.10022995e-07, -1.23050507e-07, 9.47705937e-08],
#     [3.88925474e-08, 1.96866694e-08, -7.01150683e-08, -2.94437967e-09, -8.49365395e-08, 9.90612215e-11, 2.34449647e-11, 2.61496262e-10, -2.45506878e-10, 1.58430323e-10, 8.70765552e-11, -8.75503015e-08, -3.31035437e-08, -2.40251980e-07, 5.78900369e-09],
#     [-2.80814509e-08, -8.23316029e-08, 7.00751877e-08, -5.97553819e-08, 5.56426919e-08, 1.30034436e-10, 1.64189605e-10, -2.45506878e-10, 8.66832504e-10, 1.82583669e-10, 2.36514688e-10, -5.94718189e-08, 1.30383424e-08, 2.78671031e-07, -1.50431086e-08],
#     [4.68569572e-08, 4.98205788e-08, -2.65415537e-08, 2.36093953e-08, -9.41044825e-08, -5.31100995e-11, -9.15652552e-11, 1.58430323e-10, 1.82583669e-10, 5.93111613e-10, 5.10235579e-10, 2.56524310e-08, -3.22221927e-08, -1.11585865e-07, 1.46347645e-08],
#     [-1.87755063e-08, 3.25110241e-08, -4.35336341e-08, 3.61459866e-08, 3.84617906e-08, -7.69243363e-11, -7.26243500e-11, 8.70765552e-11, 2.36514688e-10, 5.10235579e-10, 5.39180594e-10, 3.38193879e-08, 1.91838503e-08, -1.67085166e-07, 4.08344050e-10],
#     [-4.04490427e-07, -3.80765586e-05, 1.69379439e-05, -2.01971258e-05, 6.88991250e-06, -1.65414140e-07, -1.44593286e-07, -8.75503015e-08, -5.94718189e-08, 2.56524310e-08, 3.38193879e-08, 1.75996571e-04, 8.53741793e-06, 2.94888237e-05, 8.13292751e-06],
#     [-1.61641040e-04, -5.59515898e-06, -1.70519793e-05, 1.87954682e-05, -5.92538119e-06, -1.20888260e-07, 2.10022995e-07, -3.31035437e-08, 1.30383424e-08, -3.22221927e-08, 1.91838503e-08, 8.53741793e-06, 2.92408281e-04, -1.64417610e-05, 1.30767240e-04],
#     [2.92298295e-05, 6.77010532e-05, -6.78018769e-05, 4.58492195e-05, -5.94198928e-05, -8.20975982e-08, -1.23050507e-07, -2.40251980e-07, 2.78671031e-07, -1.11585865e-07, -1.67085166e-07, 2.94888237e-05, -1.64417610e-05, 6.13091107e-04, 1.27880684e-05],
#     [4.86334085e-05, 1.14518732e-06, -1.91318267e-06, 4.29419261e-06, 3.57783511e-06, 2.48785602e-08, 9.47705937e-08, 5.78900369e-09, -1.50431086e-08, 1.46347645e-08, 4.08344050e-10, 8.13292751e-06, 1.30767240e-04, 1.27880684e-05, 1.79400649e-04]
# ])
# print(f"{matrix / 10e-12}")

matrix = np.array([
    [8.52097110e-05, -6.74034630e-06, -1.51387966e-05, 1.45012756e-05, -9.50321629e-06, -1.45766820e-07, 1.15252401e-07, -3.88925474e-08, 2.80814509e-08, -4.68569572e-08, 1.87755063e-08, 4.04490427e-07, 1.61641040e-04, -2.92298295e-05, -4.86334085e-05],
    [-6.74034630e-06, 5.29617061e-05, -1.91542221e-05, 1.50994022e-05, -1.94769612e-05, 2.30836111e-07, -3.66044259e-09, -1.96866694e-08, 8.23316029e-08, -4.98205788e-08, -3.25110241e-08, 3.80765586e-05, 5.59515898e-06, -6.77010532e-05, -1.14518732e-06],
    [-1.51387966e-05, -1.91542221e-05, 2.44753862e-05, -2.05416456e-05, 1.52442977e-05, 2.79286118e-08, -8.63551713e-08, 7.01150683e-08, -7.00751877e-08, 2.65415537e-08, 4.35336341e-08, -1.69379439e-05, 1.70519793e-05, 6.78018769e-05, 1.91318267e-06],
    [1.45012756e-05, 1.50994022e-05, -2.05416456e-05, 2.03699604e-05, -9.41180068e-06, -2.76653576e-08, 1.26274094e-07, 2.94437967e-09, 5.97553819e-08, -2.36093953e-08, -3.61459866e-08, 2.01971258e-05, -1.87954682e-05, -4.58492195e-05, -4.29419261e-06],
    [-9.50321629e-06, -1.94769612e-05, 1.52442977e-05, -9.41180068e-06, 2.28173696e-05, -7.04399039e-09, 2.98651941e-08, 8.49365395e-08, -5.56426919e-08, 9.41044825e-08, -3.84617906e-08, -6.88991250e-06, 5.92538119e-06, 5.94198928e-05, -3.57783511e-06],
    [-1.45766820e-07, 2.30836111e-07, 2.79286118e-08, -2.76653576e-08, -7.04399039e-09, 2.01554454e-09, -7.55237701e-11, -9.90612215e-11, -1.30034436e-10, 5.31100995e-11, 7.69243363e-11, 1.65414140e-07, 1.20888260e-07, 8.20975982e-08, -2.48785602e-08],
    [1.15252401e-07, -3.66044259e-09, -8.63551713e-08, 1.26274094e-07, 2.98651941e-08, -7.55237701e-11, 2.06758489e-09, -2.34449647e-11, -1.64189605e-10, 9.15652552e-11, 7.26243500e-11, 1.44593286e-07, -2.10022995e-07, 1.23050507e-07, -9.47705937e-08],
    [-3.88925474e-08, -1.96866694e-08, 7.01150683e-08, 2.94437967e-09, 8.49365395e-08, -9.90612215e-11, -2.34449647e-11, 2.25892822e-09, 2.45506878e-10, -1.58430323e-10, -8.70765552e-11, 8.75503015e-08, 3.31035437e-08, 2.40251980e-07, -5.78900369e-09],
    [2.80814509e-08, 8.23316029e-08, -7.00751877e-08, 5.97553819e-08, -5.56426919e-08, -1.30034436e-10, -1.64189605e-10, 2.45506878e-10, 4.19098357e-10, -1.82583669e-10, -2.36514688e-10, 5.94718189e-08, -1.30383424e-08, -2.78671031e-07, 1.50431086e-08],
    [-4.68569572e-08, -4.98205788e-08, 2.65415537e-08, -2.36093953e-08, 9.41044825e-08, 5.31100995e-11, 9.15652552e-11, -1.58430323e-10, -1.82583669e-10, 6.92819248e-10, -5.10235579e-10, -2.56524310e-08, 3.22221927e-08, 1.11585865e-07, -1.46347645e-08],
    [1.87755063e-08, -3.25110241e-08, 4.35336341e-08, -3.61459866e-08, -3.84617906e-08, 7.69243363e-11, 7.26243500e-11, -8.70765552e-11, -2.36514688e-10, -5.10235579e-10, 7.46750267e-10, -3.38193879e-08, -1.91838503e-08, 1.67085166e-07, -4.08344050e-10],
    [4.04490427e-07, 3.80765586e-05, -1.69379439e-05, 2.01971258e-05, -6.88991250e-06, 1.65414140e-07, 1.44593286e-07, 8.75503015e-08, 5.94718189e-08, -2.56524310e-08, -3.38193879e-08, 4.28440184e-05, -8.53741793e-06, -2.94888237e-05, -8.13292751e-06],
    [1.61641040e-04, 5.59515898e-06, 1.70519793e-05, -1.87954682e-05, 5.92538119e-06, 1.20888260e-07, -2.10022995e-07, 3.31035437e-08, -1.30383424e-08, 3.22221927e-08, -1.91838503e-08, -8.53741793e-06, 5.82954079e-04, 1.64417610e-05, -1.30767240e-04],
    [-2.92298295e-05, -6.77010532e-05, 6.78018769e-05, -4.58492195e-05, 5.94198928e-05, 8.20975982e-08, 1.23050507e-07, 2.40251980e-07, -2.78671031e-07, 1.11585865e-07, 1.67085166e-07, -2.94888237e-05, 1.64417610e-05, 2.62271252e-04, -1.27880684e-05],
    [-4.86334085e-05, -1.14518732e-06, 1.91318267e-06, -4.29419261e-06, -3.57783511e-06, -2.48785602e-08, -9.47705937e-08, -5.78900369e-09, 1.50431086e-08, -1.46347645e-08, -4.08344050e-10, -8.13292751e-06, -1.30767240e-04, -1.27880684e-05, 3.94399412e-05]
])
print(f"{matrix / 10e-12}")

print(matrix.shape)